header:
  seq: 0
  stamp:
    secs: 0
    nsecs: 0
  frame_id: front_6mm
height: 1080
width: 1920
distortion_model: plumb_bob
D: [0.028072497078609905, -0.021412721193584446, 0.001012851636617104, 0.008183414359349954, 0.0]
K: [917.3259924004747, 0.0, 956.2115586079669, 0.0, 917.3259924004747, 520.4543873927776, 0.0, 0.0, 1.0]
R: [1.0, 0.0, 0.0, 0.0, 1.0, 0.0, 0.0, 0.0, 1.0]
P: [917.3259924004747, 0.0, 956.2115586079669, 0.0, 0.0, 917.3259924004747, 520.4543873927776, 0.0, 0.0, 0.0, 1.0, 0.0]
binning_x: 0
binning_y: 0
roi:
  x_offset: 0
  y_offset: 0
  height: 0
  width: 0
  do_rectify: False
