header:
  seq: 0
  stamp:
    secs: 0
    nsecs: 0
  frame_id: front_6mm
height: 1080
width: 1920
distortion_model: plumb_bob
D: [0.014587456162299579, -0.013650596028546414, 0.0019708670578128763, -0.006921495962564986, 0.0]
K: [915.2565165252043, 0.0, 928.0930949598993, 0.0, 915.2565165252043, 525.9139103241365, 0.0, 0.0, 1.0]
R: [1.0, 0.0, 0.0, 0.0, 1.0, 0.0, 0.0, 0.0, 1.0]
P: [915.2565165252043, 0.0, 928.0930949598993, 0.0, 0.0, 915.2565165252043, 525.9139103241365, 0.0, 0.0, 0.0, 1.0, 0.0]
binning_x: 0
binning_y: 0
roi:
  x_offset: 0
  y_offset: 0
  height: 0
  width: 0
  do_rectify: False