header:
  seq: 0
  stamp:
    secs: 0
    nsecs: 0
  frame_id: front_12mm
height: 1080
width: 1920
distortion_model: plumb_bob
D: [-0.1569041392619384, 0.004160128954783169, 0.0036978815684316386, 0.0035291559775265597, 0.0]
K: [2323.9805433922593, 0.0, 1018.8607129304826, 0.0, 2323.9805433922593, 559.5646653010105, 0.0, 0.0, 1.0]
R: [1.0, 0.0, 0.0, 0.0, 1.0, 0.0, 0.0, 0.0, 1.0]
P: [2323.9805433922593, 0.0, 1018.8607129304826, 0.0, 0.0, 2323.9805433922593, 559.5646653010105, 0.0, 0.0, 0.0, 1.0, 0.0]
binning_x: 0
binning_y: 0
roi:
  x_offset: 0
  y_offset: 0
  height: 0
  width: 0
  do_rectify: False
